11
17
13
16
8
15
13
10
15
10
18
6
19
15
11
11
10
13
10
6
13
15
18
19
16
6
15
16
11
13
12
17
17
18
13
17
13
6
0
11
18
10
15
18
5
16
6
14
10
16
9
19
10
12
14
12
17
16
2
12
17
1
11
18
19
13
6
14
9
15
14
11
19
12
18
16
10
9
19
11
14
11
15
3
18
10
18
6
18
15
10
9
10
11
5
9
11
14
17
9
1
10
7
19
2
11
1
8
11
6
19
14
19
11
19
15
12
17
11
12
16
18
10
18
8
14
14
5
14
11
15
13
0
18
12
8
11
11
8
19
11
17
11
11
12
14
9
16
9
15
12
9
11
9
14
4
12
16
13
19
14
1
13
7
4
15
17
9
3
12
15
15
17
11
15
16
14
10
9
17
11
13
5
9
18
5
5
7
3
17
10
6
19
14
9
13
10
11
17
11
6
6
14
18
15
4
16
15
14
17
17
18
13
12
6
17
15
13
10
16
10
11
10
12
11
16
16
19
19
14
19
10
5
19
9
15
12
13
16
14
18
14
13
15
19
12
17
7
14
16
19
13
14
12
13
13
14
7
12
8
9
6
8
17
7
17
10
9
12
19
14
19
14
10
16
14
17
15
7
2
17
9
12
4
12
1
19
0
16
18
14
17
7
13
12
10
14
11
0
15
14
11
18
7
6
13
8
9
10
16
17
6
8
14
18
13
14
11
6
8
12
16
14
12
7
13
0
19
17
8
5
15
10
10
14
19
13
19
18
19
14
18
17
8
18
16
8
17
14
11
13
7
12
5
15
12
10
5
19
19
1
11
12
9
11
16
9
9
13
11
13
10
16
13
16
16
18
14
11
18
10
7
15
5
14
14
8
8
7
12
11
17
14
4
11
14
16
14
13
15
5
11
4
16
12
1
9
7
11
14
3
8
19
18
15
15
16
4
18
8
11
12
14
12
9
17
4
1
2
16
14
12
3
19
2
12
9
13
14
1
19
12
5
19
5
11
9
18
15
16
16
12
14
14
10
11
12
7
10
15
14
10
12
15
13
12
13
10
9
12
4
1
12
17
10
8
12
11
12
16
13
9
13
7
11
18
11
14
0
5
12
9
8
16
7
14
1
6
15
10
13
10
5
7
15
12
8
13
2
13
18
19
10
16
12
13
4
19
16
3
19
14
10
9
12
10
13
10
8
0
15
9
19
12
10
14
6
13
13
15
7
0
19
10
19
4
15
9
19
18
18
10
14
19
13
8
12
17
11
12
10
7
8
14
10
17
1
6
8
7
9
18
15
13
2
8
13
12
14
17
0
12
9
5
19
15
13
16
19
10
13
6
4
3
13
17
12
5
8
14
12
17
9
4
12
13
8
10
14
13
14
14
5
15
18
13
1
7
16
17
18
13
17
10
11
13
16
0
9
9
5
1
5
6
2
17
14
16
7
8
12
10
3
7
5
7
1
13
2
11
16
13
5
18
8
1
7
7
19
7
14
3
2
4
2
15
4
6
5
9
12
8
19
4
16
6
3
7
8
17
11
1
1
14
5
12
3
10
19
8
14
5
2
9
0
13
12
5
0
3
3
6
10
6
10
19
11
16
10
13
13
13
15
5
14
14
5
7
6
13
13
7
1
5
10
5
10
18
13
10
17
17
11
12
18
9
10
19
14
2
6
14
12
0
5
2
11
8
5
13
7
15
6
4
11
19
2
7
14
10
5
2
17
14
5
5
5
17
1
8
6
17
16
11
8
17
3
3
11
19
11
11
0
5
5
13
2
14
11
7
5
0
9
12
0
10
15
8
17
18
2
7
17
4
18
13
5
13
10
10
8
1
5
4
12
18
12
5
3
12
11
19
10
12
17
7
15
3
11
6
15
12
18
11
3
7
19
19
16
11
9
3
9
4
10
12
16
16
12
3
18
2
19
5
7
19
2
19
0
17
11
5
19
18
2
11
15
17
6
19
4
4
0
7
12
6
12
8
10
12
6
3
15
0
1
6
14
8
2
16
16
3
11
18
5
7
10
17
10
18
7
3
18
16
11
19
5
12
0
6
8
10
8
17
6
0
7
10
13
6
2
5
6
18
18
7
10
17
3
2
2
0
17
12
4
19
0
15
10
19
15
10
6
5
12
2
13
15
13
11
9
13
10
16
16
14
2
3
2
3
7
0
2
4
7
3
17
10
8
12
7
5
17
0
1
6
10
17
10
2
8
12
12
14
18
5
13
10
2
14
19
18
18
1
11
7
3
16
5
