10
19
16
1
8
13
10
8
16
12
15
12
14
7
16
13
10
15
13
17
8
14
10
7
15
5
2
17
16
18
8
1
16
5
19
11
19
10
1
0
16
4
15
5
10
15
5
18
5
11
10
15
14
8
13
6
17
12
11
14
12
13
11
12
3
14
17
1
16
14
8
9
13
13
13
5
18
18
9
14
2
14
14
0
13
14
17
15
9
10
17
19
14
5
12
14
12
17
12
12
7
10
16
13
7
12
8
19
13
14
12
19
5
12
3
12
10
9
14
9
2
16
6
1
18
10
6
11
14
7
7
7
17
1
2
8
7
11
6
16
16
14
16
11
13
16
8
10
19
13
18
12
13
7
14
18
5
9
14
16
8
18
6
17
3
17
13
8
8
15
18
18
13
17
19
6
13
14
5
14
8
15
16
12
12
19
2
5
0
6
14
6
5
13
6
18
10
13
13
6
8
0
19
14
16
7
13
10
12
8
14
11
17
19
18
13
7
2
10
13
17
13
19
10
13
10
11
6
0
10
19
19
11
19
10
8
8
13
16
11
1
11
5
13
15
18
15
13
16
9
14
16
16
19
18
12
8
16
12
15
7
0
10
4
5
16
19
13
5
9
6
6
11
18
12
13
11
13
15
17
14
13
19
15
13
4
13
1
0
6
11
10
13
2
6
17
10
4
15
4
0
7
12
19
12
6
11
16
5
18
17
12
8
8
13
15
10
19
12
10
17
4
14
9
15
5
9
19
12
13
18
5
3
0
13
3
13
18
13
17
15
15
5
11
10
16
16
18
12
13
16
11
14
7
10
12
16
13
7
1
16
3
12
7
17
7
14
6
10
19
10
1
17
18
7
19
1
12
11
17
6
5
13
19
15
11
14
9
9
12
18
13
7
19
16
13
10
6
17
15
16
7
5
11
11
18
7
13
11
19
7
12
12
9
3
3
1
12
14
9
10
9
15
17
17
18
16
16
13
8
17
17
4
7
13
14
11
17
15
13
5
5
16
11
14
9
16
14
13
18
16
7
19
16
10
8
15
12
1
11
19
19
7
19
19
17
18
9
14
5
9
14
18
15
19
15
19
10
11
19
17
9
8
18
9
14
8
2
12
19
12
13
1
17
15
19
13
2
3
15
17
13
15
0
13
18
9
9
0
7
8
2
17
3
8
16
19
7
15
17
8
6
18
14
14
15
17
17
1
10
5
16
13
10
13
11
8
19
17
18
5
1
6
15
15
16
19
0
6
6
18
15
5
7
2
16
12
14
18
11
13
1
8
14
4
3
19
10
6
3
15
15
15
8
17
7
11
18
10
8
0
4
17
7
18
17
5
14
18
14
13
8
17
9
9
15
4
8
15
14
3
3
12
18
19
3
11
3
8
14
16
12
11
8
10
5
9
0
19
19
16
11
9
15
13
14
9
8
17
6
16
18
10
13
2
6
10
15
15
4
8
10
11
14
5
4
7
15
10
15
4
15
14
17
15
9
1
6
18
9
5
3
8
13
19
10
1
12
15
11
0
12
14
19
14
3
1
2
12
18
17
19
2
10
1
11
14
11
8
14
19
4
9
18
4
12
9
13
14
16
1
6
18
10
15
7
6
17
4
13
10
12
14
11
7
3
16
15
6
18
14
5
9
14
14
3
2
10
17
10
13
0
8
18
16
18
14
0
19
13
7
5
8
14
9
16
18
11
15
10
10
14
13
6
13
10
18
13
11
8
18
18
13
11
12
12
5
14
14
16
14
0
7
18
8
7
7
5
9
16
11
12
1
7
10
13
12
7
6
12
9
18
5
10
15
14
14
11
19
10
11
18
9
5
11
6
14
13
18
11
10
0
19
5
12
7
8
15
11
1
11
2
4
9
16
14
16
8
4
19
16
16
3
11
15
14
4
17
11
11
2
9
3
1
18
15
1
7
10
12
18
12
1
15
6
17
18
14
4
13
14
18
8
14
0
15
4
11
11
14
12
18
6
10
2
13
6
6
5
18
7
9
17
10
5
9
16
2
8
0
19
7
3
17
9
11
4
19
3
18
10
2
11
7
14
5
6
11
18
1
13
13
0
5
15
15
19
10
12
17
19
17
18
8
18
17
4
16
8
16
15
4
16
10
16
12
11
11
4
3
16
9
10
8
2
6
2
13
16
19
11
14
10
9
19
18
11
18
8
11
5
5
5
12
0
5
19
13
10
10
7
12
15
12
17
10
16
3
18
17
9
17
10
9
11
12
7
9
15
14
7
18
16
13
18
6
14
6
15
