18
13
12
18
12
12
14
18
12
10
10
18
10
19
14
13
12
18
18
14
12
14
19
17
3
12
10
8
10
15
12
19
3
12
11
15
19
8
13
12
3
10
3
3
14
12
10
18
14
18
12
18
10
14
14
18
10
12
11
13
18
2
10
18
11
3
12
15
19
14
12
12
19
17
14
3
12
14
15
13
11
2
8
18
12
14
10
14
19
14
14
12
10
18
3
18
17
14
19
13
19
13
15
13
12
14
10
3
18
14
3
2
9
18
2
13
17
12
13
15
12
12
19
18
14
14
15
10
13
19
13
15
19
12
8
10
12
12
9
12
18
18
15
10
12
19
2
18
19
2
12
15
8
19
13
17
17
12
10
2
17
15
6
10
11
0
14
14
13
11
18
14
10
5
8
12
11
5
11
15
18
0
19
10
12
15
11
17
18
14
14
13
18
19
10
10
18
14
15
15
10
13
18
15
11
3
13
7
19
14
12
12
18
5
12
12
8
12
17
10
14
12
13
19
10
14
13
11
5
10
11
14
18
2
17
19
11
16
11
14
18
11
14
16
5
10
14
14
14
12
12
18
3
3
19
19
11
12
19
12
8
9
10
5
15
12
14
14
17
13
18
19
14
19
12
15
13
13
12
12
12
8
18
18
3
17
14
18
15
2
15
13
15
1
2
15
13
18
15
12
11
19
17
18
14
8
12
16
14
5
11
5
8
13
11
6
18
17
7
3
19
19
11
17
18
8
12
13
0
14
3
13
14
10
15
14
19
3
13
12
17
0
13
11
17
17
8
13
13
13
18
18
6
19
13
8
1
18
13
19
14
19
13
11
16
16
16
13
17
8
8
17
18
14
14
5
12
18
17
12
12
12
19
15
14
13
8
7
9
17
8
3
17
8
2
19
10
13
11
11
5
14
17
6
11
11
2
7
7
13
8
14
17
18
10
9
16
17
12
19
14
9
8
8
18
7
8
12
11
14
13
10
8
5
10
15
10
17
13
19
14
11
11
17
15
8
16
11
13
10
19
15
10
15
17
9
5
17
17
13
19
16
16
7
9
5
14
11
16
17
13
17
2
8
11
1
14
8
17
13
5
12
17
7
8
6
2
16
11
16
12
10
17
15
15
17
14
10
11
9
10
11
15
16
6
16
11
12
10
5
7
9
6
17
14
15
14
17
16
11
16
7
13
19
17
17
16
12
9
17
19
13
14
0
8
5
6
16
18
11
2
13
0
5
14
11
17
10
13
2
11
16
9
10
19
14
5
13
13
9
14
10
5
13
12
16
7
5
13
10
7
6
14
18
6
5
11
11
14
19
9
13
13
17
19
14
5
10
5
17
16
15
15
8
11
11
16
13
10
11
19
8
11
9
19
13
14
13
17
11
13
2
8
11
9
14
16
11
17
19
15
8
0
15
19
15
8
11
16
0
6
10
9
15
11
19
15
11
11
15
17
1
2
10
7
19
8
7
1
6
15
5
15
11
10
10
9
2
16
5
8
9
9
16
11
6
16
7
19
17
7
10
15
6
16
10
0
16
10
7
17
15
10
9
15
11
11
7
1
1
7
16
10
19
6
8
6
17
8
8
7
7
16
13
7
11
17
14
10
7
10
11
16
5
16
17
16
16
5
6
11
6
16
9
9
5
7
12
7
13
13
16
15
6
16
4
11
5
9
5
15
13
7
11
1
7
9
10
8
11
13
14
7
7
7
13
15
16
9
13
15
17
1
16
17
7
6
14
13
7
9
5
15
4
16
5
11
13
16
1
9
4
10
13
6
16
16
6
9
18
7
19
10
13
12
6
5
7
4
6
6
17
18
1
10
9
7
5
17
0
9
16
6
19
7
10
0
8
6
6
14
16
13
6
10
16
9
5
17
10
7
15
6
9
0
11
11
0
10
11
15
1
9
17
16
6
11
12
16
16
1
18
16
13
17
6
16
8
1
7
1
4
11
9
11
15
5
16
0
15
10
1
16
4
4
4
4
9
5
16
9
9
0
4
7
7
0
16
5
11
9
7
10
7
4
9
1
9
10
5
16
1
1
9
11
5
7
19
16
6
9
4
7
16
1
0
1
11
9
0
1
16
1
5
10
6
11
15
16
4
4
11
6
16
0
0
16
0
4
16
16
5
6
7
9
9
7
6
10
1
5
5
7
1
9
16
5
4
16
4
1
11
4
15
6
4
0
7
6
6
11
6
6
6
10
4
6
4
4
6
15
5
16
4
6
4
4
5
4
4
0
7
7
16
4
6
16
6
8
